0
0.0015678
0.0034916
0.0016781
-0.0043017
-0.0070395
-6.5323e-07
0.0099875
0.0078647
-0.0075613
-0.015988
-0.00139
0.020088
0.015956
-0.015146
-0.032168
-0.0049912
0.035593
0.031174
-0.020407
-0.050059
-0.0088603
0.053789
0.047397
-0.030184
-0.075179
-0.016531
0.073794
0.067807
-0.03711
-0.099338
-0.02407
0.093278
0.086843
-0.045544
-0.12451
-0.032723
0.11157
0.10711
-0.048213
-0.14245
-0.039402
0.12435
0.12055
-0.05189
-0.1572
-0.046715
0.13045
0.12962
-0.049805
-0.16085
-0.050343
0.12872
0.12949
-0.047432
-0.15747
-0.051699
0.12106
0.12493
-0.039013
-0.14242
-0.048538
0.10659
0.11112
-0.03285
-0.12417
-0.044763
0.087865
0.094238
-0.023468
-0.099274
-0.037585
0.066975
0.0729
-0.017184
-0.075392
-0.029929
0.047976
0.054435
-0.0084075
-0.049963
-0.020669
0.030718
0.035205
-0.0050554
-0.031763
-0.014301
0.017041
0.021111
-0.00072454
-0.015861
-0.0079733
0.0070951
0.009156
-0.00059183
-0.0071907
-0.0039843
0.0023191
0.0042005
0.0020827
0.00015755
-0.00019999
-0.00039415
-0.00032623
-2.554e-06
0.00046612
0.00090589
0.0011459
0.001084
0.00072653
0.00018772
-0.0003513
-0.00070914
-0.00077105
-0.00053073
-9.0871e-05
0.00037748
0.00070077
0.00076866
0.00057471
0.00021713
-0.00014071
-0.00033506
-0.00026719
5.6432e-05
0.0005249
0.00096439
0.0012043
0.0011423
0.00078468
0.00024565
-0.00029363
-0.00065164
-0.00071366
-0.00047348
-3.385e-05
0.00043426
0.0007574
0.00082515
0.000631
0.00027318
-8.4861e-05
-0.00027936
-0.00021167
0.00011171
0.00057993
0.0010192
0.001259
0.0011968
0.00083889
0.0002996
-0.00023983
-0.00059797
-0.00066023
-0.00042037
1.8984e-05
0.00048696
0.00080996
0.00087745
0.00068295
0.00032484
-3.3329e-05
-0.00022797
-0.00016055
0.00016245
0.00063039
0.0010696
0.0013091
0.0012467
0.00088839
0.00034881
-0.00019077
-0.00054908
-0.00061164
-0.00037217
6.6892e-05
0.0005347
0.00085752
0.00092469
0.00072981
0.00037141
1.3056e-05
-0.0001818
-0.00011471
0.00020793
0.00067557
0.0011145
0.0013539
0.0012911
0.00093243
0.00039258
-0.00014723
-0.00050582
-0.00056873
-0.0003296
0.00010919
0.00057675
0.00089926
0.00096608
0.00077087
0.00041221
5.3574e-05
-0.00014161
-7.4888e-05
0.00024744
0.00071481
0.0011535
0.0013925
0.0013293
0.00097035
0.00043022
-0.00010992
-0.00046888
-0.00053214
-0.0002933
0.0001452
0.0006124
0.00093452
0.001001
0.00080552
0.00044654
8.7519e-05
-0.00010806
-4.1647e-05
0.00028039
0.00074743
0.0011857
0.0014243
0.0013608
0.0010016
0.00046109
-7.9473e-05
-0.00043882
-0.00050238
-0.00026384
0.00017429
0.00064106
0.0009628
0.001029
0.00083317
0.00047381
0.00011437
-8.1586e-05
-1.5499e-05
0.00030622
0.00077287
0.0012107
0.0014489
0.0013851
0.0010255
0.00048466
-5.6303e-05
-0.00041603
-0.00047995
-0.00024177
0.00019597
0.00066235
0.00098372
0.0010495
0.00085333
0.00049358
0.00013376
-6.2569e-05
3.1288e-06
0.00032444
0.00079071
0.0012282
0.001466
0.0014018
0.0010418
0.00050055
-4.0777e-05
-0.00040087
-0.00046519
-0.00022744
0.0002099
0.00067592
0.00099692
0.0010623
0.0008657
0.00050554
0.00014535
-5.1342e-05
1.3957e-05
0.00033484
0.00080069
0.0012378
0.0014753
0.0014106
0.0010502
0.00050854
-3.3164e-05
-0.00039362
-0.00045835
-0.00022103
0.0002159
0.00068153
0.0010022
0.0010672
0.00087011
0.00050954
0.00014897
-4.8105e-05
1.6777e-05
0.00033723
0.00080268
0.0012394
0.0014765
0.0014114
0.0010506
0.00050854
-3.3546e-05
-0.00039442
-0.00045957
-0.00022266
0.00021389
0.00067915
0.00099936
0.0010639
0.00086646
0.00050554
0.00014459
-5.2924e-05
1.1519e-05
0.00033159
0.00079669
0.001233
0.0014697
0.0014042
0.001043
0.00050055
-4.1922e-05
-0.00040324
-0.00046883
-0.00023229
0.00020392
0.00066879
0.00098854
0.0010527
0.00085485
0.00049359
0.00013224
-6.5722e-05
-1.7041e-06
0.00031801
0.00078277
0.0012187
0.0014549
0.001389
0.0010274
0.00048468
-5.8199e-05
-0.00041996
-0.00048595
-0.00024975
0.0001861
0.00065056
0.00096989
0.0010336
0.00083548
0.00047384
0.00011209
-8.6286e-05
-2.2629e-05
0.00029674
0.00076111
0.0011966
0.0014324
0.0013662
0.0010043
0.00046113
-8.2169e-05
-0.00044429
-0.00051059
-0.00027475
0.00016069
0.00062473
0.00094371
0.0010072
0.00080865
0.00044659
8.4416e-05
-0.00011429
-5.0918e-05
0.0002681
0.00073205
0.0011672
0.0014026
0.0013361
0.00097388
0.00043029
-0.0001134
-0.00047584
-0.00054244
-0.00030694
0.00012811
0.00059178
0.00091044
0.00097356
0.00077471
0.00041229
4.9784e-05
-0.00014924
-8.6213e-05
0.00023245
0.00069607
0.0011309
0.001366
0.0012992
0.00093655
0.00039266
-0.00015129
-0.00051405
-0.00058104
-0.00034591
8.8866e-05
0.0005523
0.00087065
0.00093337
0.00073415
0.00037148
8.7588e-06
-0.00019058
-0.00012796
0.00019035
0.00065373
0.0010884
0.0013232
0.0012559
0.00089295
0.00034884
-0.00019531
-0.00055838
-0.00062575
-0.00039095
4.3609e-05
0.00050683
0.00082488
0.00088724
0.00068772
0.00032484
-3.8109e-05
-0.00023775
-0.00017546
0.00014258
0.00060575
0.0010401
0.0012747
0.0012071
0.00084389
0.00029958
-0.00024485
-0.00060822
-0.00067587
-0.00044125
-6.8935e-06
0.00045604
0.00077377
0.0008359
0.00063622
0.00027314
-9.0107e-05
-0.00029006
-0.00022798
8.9929e-05
0.00055291
0.00098697
0.0012212
0.0011534
0.00079013
0.00024562
-0.0002991
-0.00066276
-0.00073056
-0.00049606
-6.1915e-05
0.00040073
0.00071822
0.00078021
0.00058041
0.0002171
-0.00014642
-0.00034657
-0.0002846
3.316e-05
0.0004959
0.00092972
0.0011638
0.0010959
0.00073247
0.0001877
-0.00035725
-0.00072101
-0.00078889
-0.00055457
-0.00012068
0.00034176
0.00065918
0.0007211
0.00052111
0.00015754
-0.00020615
-0.00040635
-0.00034443
-2.6864e-05
0.00043562
0.00086928
0.0011033
0.0010354
0.00067177
0.00012676
-0.00041832
-0.00078209
-0.00085001
-0.00061587
-0.00018221
0.00028012
0.00059753
0.00065942
0.00045927
9.5494e-05
-0.0002683
-0.0004685
-0.00040662
-8.9193e-05
0.00037311
0.00080668
0.0010407
0.0009728
0.00060902
6.3862e-05
-0.0004813
-0.00084509
-0.00091303
-0.00067898
-0.00024545
0.00021681
0.00053421
0.00059608
0.00039586
3.199e-05
-0.00033187
-0.00053209
-0.00047022
-0.00015284
0.0003094
0.00074292
0.00097695
0.00090901
0.0005452
-1.1384e-17
-0.0005452
-0.00090901
-0.00097695
-0.00074292
-0.0003094
0.00015284
0.00047022
0.00053209
0.00033187
-3.199e-05
-0.00039586
-0.00059608
-0.00053421
-0.00021681
0.00024545
0.00067898
0.00091303
0.00084509
0.0004813
-6.3862e-05
-0.00060902
-0.0009728
-0.0010407
-0.00080668
-0.00037311
8.9193e-05
0.00040662
0.0004685
0.0002683
-9.5494e-05
-0.00045927
-0.00065942
-0.00059753
-0.00028012
0.00018221
0.00061587
0.00085001
0.00078209
0.00041832
-0.00012676
-0.00067177
-0.0010354
-0.0011033
-0.00086928
-0.00043562
2.6864e-05
0.00034443
0.00040635
0.00020615
-0.00015754
-0.00052111
-0.0007211
-0.00065918
-0.00034176
0.00012068
0.00055457
0.00078889
0.00072101
0.00035725
-0.0001877
-0.00073247
-0.0010959
-0.0011638
-0.00092972
-0.0004959
-3.316e-05
0.0002846
0.00034657
0.00014642
-0.0002171
-0.00058041
-0.00078021
-0.00071822
-0.00040073
6.1915e-05
0.00049606
0.00073056
0.00066276
0.0002991
-0.00024562
-0.00079013
-0.0011534
-0.0012212
-0.00098697
-0.00055291
-8.9929e-05
0.00022798
0.00029006
9.0107e-05
-0.00027314
-0.00063622
-0.0008359
-0.00077377
-0.00045604
6.8935e-06
0.00044125
0.00067587
0.00060822
0.00024485
-0.00029958
-0.00084389
-0.0012071
-0.0012747
-0.0010401
-0.00060575
-0.00014258
0.00017546
0.00023775
3.8109e-05
-0.00032484
-0.00068772
-0.00088724
-0.00082488
-0.00050683
-4.3609e-05
0.00039095
0.00062575
0.00055838
0.00019531
-0.00034884
-0.00089295
-0.0012559
-0.0013232
-0.0010884
-0.00065373
-0.00019035
0.00012796
0.00019058
-8.7588e-06
-0.00037148
-0.00073415
-0.00093337
-0.00087065
-0.0005523
-8.8866e-05
0.00034591
0.00058104
0.00051405
0.00015129
-0.00039266
-0.00093655
-0.0012992
-0.001366
-0.0011309
-0.00069607
-0.00023245
8.6213e-05
0.00014924
-4.9784e-05
-0.00041229
-0.00077471
-0.00097356
-0.00091044
-0.00059178
-0.00012811
0.00030694
0.00054244
0.00047584
0.0001134
-0.00043029
-0.00097388
-0.0013361
-0.0014026
-0.0011672
-0.00073205
-0.0002681
5.0918e-05
0.00011429
-8.4416e-05
-0.00044659
-0.00080865
-0.0010072
-0.00094371
-0.00062473
-0.00016069
0.00027475
0.00051059
0.00044429
8.2169e-05
-0.00046113
-0.0010043
-0.0013662
-0.0014324
-0.0011966
-0.00076111
-0.00029674
2.2629e-05
8.6286e-05
-0.00011209
-0.00047384
-0.00083548
-0.0010336
-0.00096989
-0.00065056
-0.0001861
0.00024975
0.00048595
0.00041996
5.8199e-05
-0.00048468
-0.0010274
-0.001389
-0.0014549
-0.0012187
-0.00078277
-0.00031801
1.7041e-06
6.5722e-05
-0.00013224
-0.00049359
-0.00085485
-0.0010527
-0.00098854
-0.00066879
-0.00020392
0.00023229
0.00046883
0.00040324
4.1922e-05
-0.00050055
-0.001043
-0.0014042
-0.0014697
-0.001233
-0.00079669
-0.00033159
-1.1519e-05
5.2924e-05
-0.00014459
-0.00050554
-0.00086646
-0.0010639
-0.00099936
-0.00067915
-0.00021389
0.00022266
0.00045957
0.00039442
3.3546e-05
-0.00050854
-0.0010506
-0.0014114
-0.0014765
-0.0012394
-0.00080268
-0.00033723
-1.6777e-05
4.8105e-05
-0.00014897
-0.00050954
-0.00087011
-0.0010672
-0.0010022
-0.00068153
-0.0002159
0.00022103
0.00045835
0.00039362
3.3164e-05
-0.00050854
-0.0010502
-0.0014106
-0.0014753
-0.0012378
-0.00080069
-0.00033484
-1.3957e-05
5.1342e-05
-0.00014535
-0.00050554
-0.0008657
-0.0010623
-0.00099692
-0.00067592
-0.0002099
0.00022744
0.00046519
0.00040087
4.0777e-05
-0.00050055
-0.0010418
-0.0014018
-0.001466
-0.0012282
-0.00079071
-0.00032444
-3.1288e-06
6.2569e-05
-0.00013376
-0.00049358
-0.00085333
-0.0010495
-0.00098372
-0.00066235
-0.00019597
0.00024177
0.00047995
0.00041603
5.6303e-05
-0.00048466
-0.0010255
-0.0013851
-0.0014489
-0.0012107
-0.00077287
-0.00030622
1.5499e-05
8.1586e-05
-0.00011437
-0.00047381
-0.00083317
-0.001029
-0.0009628
-0.00064106
-0.00017429
0.00026384
0.00050238
0.00043882
7.9473e-05
-0.00046109
-0.0010016
-0.0013608
-0.0014243
-0.0011857
-0.00074743
-0.00028039
4.1647e-05
0.00010806
-8.7519e-05
-0.00044654
-0.00080552
-0.001001
-0.00093452
-0.0006124
-0.0001452
0.0002933
0.00053214
0.00046888
0.00010992
-0.00043022
-0.00097035
-0.0013293
-0.0013925
-0.0011535
-0.00071481
-0.00024744
7.4888e-05
0.00014161
-5.3574e-05
-0.00041221
-0.00077087
-0.00096608
-0.00089926
-0.00057675
-0.00010919
0.0003296
0.00056873
0.00050582
0.00014723
-0.00039258
-0.00093243
-0.0012911
-0.0013539
-0.0011145
-0.00067557
-0.00020793
0.00011471
0.0001818
-1.3056e-05
-0.00037141
-0.00072981
-0.00092469
-0.00085752
-0.0005347
-6.6892e-05
0.00037217
0.00061164
0.00054908
0.00019077
-0.00034881
-0.00088839
-0.0012467
-0.0013091
-0.0010696
-0.00063039
-0.00016245
0.00016055
0.00022797
3.3329e-05
-0.00032484
-0.00068295
-0.00087745
-0.00080996
-0.00048696
-1.8984e-05
0.00042037
0.00066023
0.00059797
0.00023983
-0.0002996
-0.00083889
-0.0011968
-0.001259
-0.0010192
-0.00057993
-0.00011171
0.00021167
0.00027936
8.4861e-05
-0.00027318
-0.000631
-0.00082515
-0.0007574
-0.00043426
3.385e-05
0.00047348
0.00071366
0.00065164
0.00029363
-0.00024565
-0.00078468
-0.0011423
-0.0012043
-0.00096439
-0.0005249
-5.6432e-05
0.00026719
0.00033506
0.00014071
-0.00021713
-0.00057471
-0.00076866
-0.00070077
-0.00037748
9.0871e-05
0.00053073
0.00077105
0.00070914
0.0003513
-0.00018772
-0.00072653
-0.001084
-0.0011459
-0.00090589
-0.00046612
2.554e-06
0.00032623
0.00039415
0.00019999
-0.00015755
